Year	mar	jun	sep	dec	ann
2021  117.9 118.8 118.8 118.8 118.8 
2020	116.6	114.4	116.2	117.2	116.1
2019	114.1	114.8	115.4	116.2	115.1
2018	112.6	113	113.5	114.1	113.3
2017	110.5	110.7	111.4	112.1	111.1
2016	108.2	108.6	109.4	110	109.0
2015	106.8	107.5	108	108.4	107.6
2014	105.4	105.9	106.4	106.6	106.0
2013	102.4	102.8	104	104.8	103.5
2012	99.9	100.4	101.8	102	101
2011	98.3	99.2	99.8	99.8	99.3
2010	95.2	95.8	96.5	96.9	96.1
2009	92.5	92.9	93.8	94.3	93.4
2008	90.3	91.6	92.7	92.4	91.8
2007	86.6	87.7	88.3	89.1	87.9
2006	84.5	85.9	86.7	86.6	85.9
2005	82.1	82.6	83.4	83.8	83
2004	80.2	80.6	80.9	81.5	80.8
2003	78.6	78.6	79.1	79.5	79
2002	76.1	76.6	77.1	77.6	76.9
2001	73.9	74.5	74.7	75.4	74.6
