"id","order","time","bgl"
"AB",1,-30,6.17
"AB",1,-20,6.33
"AB",1,-10,6.5
"AB",1,0,6.61
"AB",1,10,7.44
"AB",1,20,7.28
"AB",1,30,7.39
"AB",1,40,7.06
"AB",1,50,6.72
"AB",1,60,6.78
"AB",1,70,6.5
"AB",1,80,5.61
"AB",1,90,5.2
"RB",1,-30,5.89
"RB",1,-20,5.89
"RB",1,-10,5.83
"RB",1,0,5.83
"RB",1,10,6.39
"RB",1,20,6.33
"RB",1,30,6.39
"RB",1,40,6.22
"RB",1,50,6.11
"RB",1,60,6
"RB",1,70,5.46
"RB",1,80,4.92
"RB",1,90,4.87
"AB",2,-30,5.78
"AB",2,-20,5.83
"AB",2,-10,6.11
"AB",2,0,6.39
"AB",2,10,6.89
"AB",2,20,6.44
"AB",2,30,5.94
"AB",2,40,5.72
"AB",2,50,5.27
"AB",2,60,5.61
"AB",2,70,4.86
"AB",2,80,3.89
"AB",2,90,3.84
"RB",2,-30,6.56
"RB",2,-20,6.28
"RB",2,-10,6.28
"RB",2,0,6.11
"RB",2,10,6.06
"RB",2,20,5.89
"RB",2,30,5.78
"RB",2,40,5.56
"RB",2,50,5.46
"RB",2,60,5.11
"RB",2,70,4.86
"RB",2,80,4.28
"RB",2,90,4.26
